7.178362044495196770e+00
2.124067095741200006e+00
6.274423288063261106e-01
-1.904192886469452395e-01
-5.432240213338292989e-01
-8.173748198382738694e-01
-9.613945918740705032e-01
-1.055384299398288261e+00
-1.163983071619210552e+00
-1.138419278051692185e+00
-1.197002471991754913e+00
-1.160807212137281219e+00
-1.178304907012615255e+00
-1.169410279229486038e+00
-1.167808934140697197e+00
-1.169724938764791888e+00
-1.200987492725654082e+00
-1.183468982583101292e+00
-1.140878167947066091e+00
-1.171129438576553161e+00
-1.122708004321305797e+00
-1.130414234773809090e+00
-1.130078821136212275e+00
-1.083601598482916151e+00
-1.079500805026191834e+00
-1.080951817760777089e+00
-1.077123363590056782e+00
-1.064734420487817079e+00
-1.051428911099871133e+00
-1.065764589107790927e+00
-1.047069627184250340e+00
-1.040468659945483543e+00
-1.035906001724425041e+00
-1.040042764409694120e+00
-1.035304421955152376e+00
-9.476583540088718838e-01
-1.030294177156289237e+00
-1.026191287955302567e+00
-1.029959030009849563e+00
-1.018369640997946357e+00
-1.005755779987614229e+00
-1.012922037786095464e+00
-1.036263386338928116e+00
-1.014235751257032359e+00
-1.012887662891403640e+00
-1.009076290727301428e+00
-1.012286648569312053e+00
-1.015632203770680642e+00
-1.006161391419554851e+00
-1.007612125017882443e+00
-1.011977933056638523e+00
-1.021301047543007323e+00
-1.016888095754568511e+00
-9.753645574838174515e-01
-1.005356058754691251e+00
-1.006820397968605452e+00
-1.011500645295364098e+00
-1.007623510313008897e+00
-1.016012899738611086e+00
-1.011052185149469373e+00
