8.299898305841511004e+00
3.216286681700767147e+00
2.516354668062755096e+00
2.194677250460204121e+00
1.852452075407845955e+00
1.609909825481261603e-01
6.048249625479259484e-01
1.258318428148688772e+00
1.512275594814229684e+00
1.719543925062594569e+00
7.435261529762665411e+00
1.161161459369645321e+00
7.592686228106625634e+00
1.126920852447875987e+00
4.545753173218461285e+00
1.021923195993240885e+00
3.416138967400174753e+00
1.119257762581553806e+01
2.575915982213284217e+00
2.054409358969224164e-01
1.725527860617754206e+00
1.451684931379978893e+00
4.350881391302499956e+00
6.433032617010557175e+00
7.128186767913511357e-01
3.681662844360741982e+00
2.463507015442931158e-01
1.763597201522078439e+00
7.610925972320512489e-01
1.890512240444665260e+00
4.592849207014516599e-01
5.812139935084552622e-01
1.423936681016088945e+00
2.934051007391182075e+00
1.944642211445766877e+00
1.727719906723318877e+00
1.195662930597560347e+00
3.884498827239441177e+00
-1.337005742693422317e-01
1.974260244829534772e+00
